-0.56912657
-0.30149383
-0.45872263
-0.44311656
-0.16775031
-0.81687346
-0.3601045
-0.13480711
-0.33724416
-0.67121994
0.93507166
-2.0614144
-0.21468312
-0.013411534
0.22761193
-0.59041472
-0.54977908
0.88383701
0.27760884
0.50550221
-0.5150151
-0.98436981
-0.049794137
1.2049344
-1.3628417
-0.038154043
1.0125047
-1.8698828
1.505577
0.92124348
-0.2502809
-0.28004474
-0.42348376
-0.41329446
-0.37404954
-0.48805318
0.85545699
-0.040537638
-1.9016132
0.073430701
-0.6619054
0.064315299
0.23322668
-0.9028595
0.26248993
0.13872362
0.63249329
-0.69958617
0.9967057
0.50497546
0.24851097
-0.58901485
-1.0448955
-0.35687634
0.21363314
0.35240396
0.13819572
-0.012820102
0.048595561
-0.76059714
-0.45507888
-0.49932033
-0.30450555
-0.25038442
-0.36222341
0.13339739
0.0069910609
-1.2449683
0.10238652
-0.20699071
-0.017144155
0.58485455
0.19806772
0.074206218
0.18824204
0.42515035
1.4342022
2.4648178
0.60576945
0.5513995
0.13290098
-0.13761872
-0.18775934
-0.0083851556
0.35992234
0.46579822
0.42264503
-0.60304186
0.72684249
0.23150537
-0.19786656
-0.40197861
-0.37615446
-0.43568116
-0.65567559
0.17574947
0.21122943
-0.01955237
-0.11193121
-0.12775695
0.076445656
0.051352967
-0.33664726
-0.67603365
-0.25447788
-0.51613406
0.46306486
0.33427888
-0.017985565
0.33437576
-0.61217478
-0.21899002
-0.48766113
0.66228042
0.23268755
-0.98697198
0.93548501
0.7699681
1.8158483
0.38173888
-0.15010302
0.42152428
0.57806386
-1.9260098
-0.45186102
-0.34906696
0.97392807
0.72805664
0.83152418
-0.20526076
-0.20239379
0.24573681
1.9071171
0.27553099
0.64505566
0.33161936
-0.3488385
0.022687103
-0.46917938
-0.97720504
0.11943988
0.42122663
0.45065919
0.03714487
0.51102775
1.5006517
0.46639434
0.14081665
0.18698526
0.48929277
0.34015919
-1.022681
-0.46109422
-0.75953321
0.68498427
0.06841246
0.17609575
0.084185878
-0.40051014
-0.37276058
1.6064025
0.44263972
3.5561082
-0.72095664
-0.50528878
-0.13469869
-0.25577566
0.18632528
-0.48205139
-0.91231375
-0.2610868
0.1436804
0.39612974
0.47065246
0.38592156
0.12791028
-0.14348461
0.037427116
0.98660499
3.301252
0.37799668
0.11716839
-0.051613771
-0.57735431
-0.08389927
0.36563021
0.19276883
0.27174173
0.24617964
0.24106988
0.058194358
0.63917492
0.20785277
-0.059866034
-0.28975626
-0.13523281
0.036520991
-0.71391051
-0.094472807
-0.2612596
-0.27611532
0.40699921
1.1400163
0.32361538
1.3361375
0.12708615
0.42950948
0.42673181
-0.43734943
-0.18937843
0.039349528
0.55360077
0.039595644
-0.060954741
0.02170809
0.016491234
0.26549635
-0.057704351
0.23033272
0.54472266
0.38678509
0.32858844
-1.0468254
0.34837388
-0.038556925
-0.19710166
-0.024383659
-0.22660356
-1.2517485
-0.89578103
0.30373664
0.26480049
-0.49167562
-0.19319328
-0.096911711
-1.3096099
-0.48169091
-0.11083473
-0.0017273993
-0.41066844
-0.75193146
-0.94500261
0.31565328
1.1721233
0.26402236
0.34387355
0.26330888
0.58845755
0.39573792
0.54329021
-0.2087042
-0.094402512
-0.20289579
0.28784479
0.32758162
0.21555319
0.34279455
0.13969664
0.44870052
0.021399312
0.4468142
1.2252698
-0.34568606
-1.2038572
-0.58224553
0.061235803
0.45075877
-0.73657862
-2.1480727
0.52551525
0.27434054
-0.37110762
0.057579375
0.11903772
0.55791601
-0.059779046
-0.0078773969
0.29744303
0.27638352
0.73122865
-0.0072886211
0.18012918
0.59219404
-0.24701233
-0.92046838
0.6677283
-0.45317018
-0.10687908
-0.49692118
0.2269798
0.18680141
-0.65560185
-0.53592063
0.99502441
0.24154231
-0.14054813
0.15884211
-0.15049018
0.0856353
-0.39332535
-0.1028977
1.4542886
0.29941164
0.64155432
0.14490589
-0.18736213
0.079252246
-0.56601526
0.62588414
0.65413324
-0.34124776
0.18487723
-0.066499018
0.36911354
0.46375019
0.66041614
-1.3321727
-0.28390813
-0.48981802
-0.33880893
-0.58901485
0.53925804
0.88943615
0.25295646
0.4611074
0.47775343
0.4753989
0.29177999
0.59298702
-0.5900303
-1.369126
-0.20682117
-0.2028487
0.23337111
0.49623637
-0.0052606914
0.033456624
-0.29060749
-0.063867896
1.1072703
0.36146834
-0.043599179
0.24843857
1.3249159
0.11662092
-0.39620357
-0.215971
0.38792865
-0.15954384
0.079266731
-0.35556471
-0.40503584
0.41925326
0.071510587
-0.038018913
0.013906003
0.14285336
0.21244018
0.32433534
-0.052688701
0.19572387
0.24050264
-0.072855901
-0.12455662
-0.71655154
-0.13909066
0.17906306
0.53076689
0.44320431
0.66334111
0.51365397
-0.32409378
-0.68264457
-0.28820499
0.69537943
2.0489779
-0.068094085
-0.033542303
-0.81563142
-0.045705161
-0.1811684
-0.18052497
-0.67483978
-0.12772132
0.22368322
0.7323885
-0.40613451
0.39149958
0.50169823
-0.12594522
-0.26038209
0.079293269
-0.12149503
-0.32433123
-0.15621373
-0.72246393
0.27674987
0.26199718
-0.24498084
-0.29341965
-0.60737158
-0.53590759
-0.29225035
0.2953062
0.080881389
0.86331741
0.44830479
0.70583455
0.10145096
0.075039456
0.31517286
0.11774629
2.0650668
0.067261615
-0.38745056
0.28110121
-0.70803497
0.33255118
-0.52318783
0.15969477
0.05881283
0.056673852
0.3691864
1.5322688
0.15082271
0.526663
0.80850857
0.38685677
0.2810302
0.63154083
-0.056714225
-0.023285772
-0.13745887
-0.89485695
0.33798299
-0.66918224
1.6111155
0.55465291
0.22182925
0.12622073
0.65194083
0.16481661
-0.400896
-0.39314882
-0.48737612
-0.4569197
-0.52033175
-0.25368607
-0.3422034
-0.44378414
0.11054999
0.1757322
0.40218103
0.15451502
0.10444302
0.92328643
-0.05255269
-0.14131326
0.032003503
0.26298614
-0.04004518
0.34084519
0.76978438
-0.37774689
