-3.1252439
-2.3929702
-4.0682631
-5.453097
-2.9405417
-3.525447
-1.9739081
-2.7561477
-5.1255557
-4.3448219
-3.2046241
-7.0587572
-2.428953
-2.9495751
-3.9713111
-3.5488631
-1.9653005
-5.9192261
-9.0952351
-2.5699008
-2.9621953
-3.0735516
-2.409606
-6.9795485
-3.4121098
-1.8472266
-3.6346424
-2.303838
-5.1748412
-5.2744193
-3.2063438
-3.7574202
-4.4081949
-3.7232597
-3.6620113
-3.4429955
-4.9568924
-5.0623544
-3.7411301
-5.2569132
-3.6684167
-4.421806
-3.5576758
-2.5180286
-2.802234
-2.1644214
-4.6963297
-5.9708973
-1.9824013
-3.4993683
-3.2340624
-4.2542649
-3.5783456
-3.9555906
-2.6497134
-4.4385132
-2.0827941
-4.4168009
-3.0716603
-3.4819347
-2.8240277
-3.4899894
-3.1728861
-2.8387372
-3.1149862
-2.6159617
-3.3981962
-3.5226252
-5.0898744
-4.6437224
-1.7810269
-2.3507881
-2.9522133
-4.8775805
-11.535557
-3.7149601
-7.2106376
-5.7106259
-4.7634182
-6.4690887
-3.0324519
-3.8682731
-2.5476656
-2.6550883
-4.443809
-4.4369168
-3.145656
-4.4358027
-4.1906067
-2.9580821
-5.212103
-2.719495
-2.9527308
-4.9769799
-3.8797842
-4.2397955
-3.5634642
-3.940914
-2.0457434
-2.857549
-2.6020802
-4.2169754
-3.2788639
-6.4324085
-2.2504309
-2.5241567
-2.8327354
-3.3589981
-2.328358
-3.939011
-2.2997259
-2.1842824
-5.7765166
-3.457744
-1.8756921
-6.7350238
-3.3078395
-3.0004248
-7.149423
-3.3734151
-3.6056661
-3.7841111
-5.2672493
-5.6784917
-2.2102785
-3.5811873
-3.8673806
-4.0960941
-3.7601987
-2.8993855
-2.3363983
-3.3066385
-3.3512342
-1.7863882
-4.4159668
-4.5993157
-3.2168616
-1.8222651
-4.4998471
-3.300701
-2.7170207
-2.4452869
-3.1501323
-3.5707419
-6.6818367
-9.5136161
-3.2553829
-2.266343
-2.4532226
-3.9297074
-3.4327681
-5.482464
-3.6794929
-2.5795458
-3.6796084
-2.7833298
-2.6384277
-2.9188085
-8.0883037
-3.5978941
-6.9538448
-1.9536748
-8.5933929
-2.9923483
-3.4666584
-1.860483
-4.0005706
-6.0483111
-4.2754894
-8.4945861
-1.6485197
-5.0326573
-2.2965125
-2.0955198
-3.0934949
-2.0944041
-3.3608031
-2.626883
-3.9473735
-8.8931236
-3.8745474
-2.5508585
-3.1243441
-4.9619167
-4.5065051
-2.5997188
-4.4422104
-3.2154656
-1.9674531
-4.4886966
-4.3726532
-2.5343228
-2.6237455
-9.4433987
-3.1816595
-4.458524
-2.0665886
-6.5606393
-2.7251234
-5.8547527
-5.3164238
-3.2178277
-6.4325274
-7.9303558
-6.1874493
-5.2599186
-4.3651352
-2.6281789
-3.3771186
-3.5738946
-3.4396168
-4.7250666
-3.8262139
-3.731401
-4.1728932
-2.7921873
-3.073711
-2.4957892
-2.1947435
-3.1218482
-3.2883361
-2.6181304
-5.5116333
-4.4129431
-3.9862661
-6.8836567
-3.7371281
-2.6893776
-3.9006405
-4.1377003
-3.6087291
-3.5213073
-4.7472832
-2.0370955
-2.7478402
-8.2154983
-4.4375085
-6.8109901
-3.0216041
-3.7922523
-4.0540446
-4.993777
-5.0148714
-6.3136117
-2.0494925
-6.4826304
-3.0616381
-4.8386091
-3.8555658
-3.2331842
-4.9910023
-1.7553612
-3.3074341
-3.9167606
-4.6403101
-3.0528746
-3.6611129
-4.9770739
-6.181587
-1.9910626
-3.2310316
-3.0729865
-1.8084564
-5.9586705
-6.1195984
-3.5725894
-7.3800521
-3.6220423
-7.7926936
-2.8143047
-2.2761075
-3.3269206
-1.9423044
-2.6640659
-5.1132415
-4.2048184
-2.0628706
-3.3319542
-3.0163094
-1.9017228
-4.1860962
-2.7458022
-3.1632205
-2.7348165
-5.285837
-5.5622061
-4.9501098
-2.6640262
-4.8754085
-2.611291
-3.3480891
-5.1477772
-4.6501677
-5.7532975
-3.0418906
-3.7893323
-5.0921989
-3.2030076
-2.8511509
-4.009779
-4.5079006
-7.0037071
-3.7785476
-4.1750692
-3.2276235
-1.8153504
-5.1869956
-3.7654004
-3.7863053
-1.9613236
-4.0169938
-3.319344
-2.3419438
-2.9995941
-4.8833153
-3.0155589
-13.817367
-5.2037212
-4.9420695
-4.2860099
-4.2542649
-4.3354569
-3.3792763
-2.8847526
-3.699744
-3.1468053
-2.5405231
-3.051035
-3.6117309
-3.3616122
-4.4550152
-5.2880686
-4.0472793
-1.6683509
-2.8044452
-1.7752886
-3.5922654
-4.3652593
-2.8123702
-6.9067994
-2.1330717
-3.286863
-4.293812
-2.9505308
-2.7959352
-6.1033187
-3.360726
-4.9627961
-8.2251366
-3.3321842
-2.1987996
-3.6039633
-3.926701
-2.6778379
-3.1930179
-2.4614705
-2.4233494
-2.9238715
-2.5786773
-5.9709341
-5.0686715
-4.2754032
-1.8926833
-2.1075313
-3.1467094
-4.651917
-2.5010162
-4.718624
-3.1918186
-3.5946483
-5.1928078
-3.2076254
-4.6650961
-2.7216463
-9.3036756
-6.0690663
-2.692
-3.008978
-3.5651732
-4.1608391
-2.7257745
-3.7457776
-3.0557171
-2.0788826
-1.8378496
-6.9676273
-3.474346
-2.7613653
-2.5716693
-4.4691721
-2.8154379
-2.041102
-2.9737092
-3.081865
-2.3516325
-4.9116306
-5.2450076
-2.3752638
-3.1023866
-3.0742458
-4.5724106
-2.7721349
-1.9488877
-4.0828232
-2.6967367
-4.4154551
-8.6630916
-2.680928
-4.1926163
-2.0671009
-3.3948194
-3.9887614
-10.601192
-5.1886118
-2.3790477
-2.8185191
-4.0192864
-4.7518447
-4.4971002
-4.0303727
-2.2739982
-2.8072664
-5.2869575
-8.1938782
-4.7865249
-3.9019841
-4.0229665
-2.3985357
-2.2151526
-4.1863594
-4.5123502
-4.0841638
-6.4445036
-4.9828008
-2.7884582
-4.9165858
-5.2322102
-3.4799043
-2.5397151
-3.4001857
-6.3615128
-3.0351031
-2.7109683
-1.8774559
-3.1143766
-3.0120854
-4.1091262
-2.7692849
-3.7103895
-2.6144637
-4.9058556
-2.0211777
-4.0899056
-3.3188134
-4.6955038
-4.9022232
-1.9123327
-3.8051636
-2.0516599
-3.3338186
-3.9638477
-4.2473343
-3.0281462
-3.4803249
