1.3360871
2.6855532
1.7644586
1.330873
1.4265616
1.8624371
1.6127464
1.788352
2.4000283
0.54197542
0.68831371
1.3059194
0.1414774
0.93269528
1.4351866
0.69226025
-0.10997225
0.45343024
0.36587468
0.75185698
2.1961147
-0.093819925
0.44787538
0.66575118
1.5803443
1.7186378
3.7783426
0.11441074
0.98399957
0.95041282
1.4123889
2.3970046
1.0491078
0.16057513
1.9602925
0.52144524
1.8180694
2.8985731
0.088672084
1.0341106
0.37679899
0.19198007
0.65078685
2.3272425
1.4152241
0.38006305
0.70192626
1.5450319
2.2681623
0.50820811
0.45161993
0.44300563
0.48117783
1.4909734
1.896113
1.5271603
1.0235851
1.4107643
1.4782839
0.86981064
1.0284515
2.7710428
2.2943336
0.94001155
1.5581244
0.82528
0.034567521
0.68060181
1.4524969
1.7855004
0.90601744
0.42031206
1.239185
3.7012542
1.6435574
2.2561792
1.3174273
1.1839619
1.0409452
0.42120154
0.028175886
1.0101339
0.60119613
0.058892671
2.4346682
3.004934
0.98336207
2.1275082
1.4738281
0.60805161
1.4495448
0.86069332
1.1657869
1.6324846
0.35537424
0.36578738
1.3417624
1.0171003
0.10363966
0.47673726
2.3786401
0.69310093
1.5895243
1.6452103
1.2254728
1.8591852
0.87245316
0.6590003
1.9752855
0.85761553
1.2545343
0.28921802
0.65294862
1.1690556
1.5835315
1.5555466
1.5379114
0.60418526
1.3650406
0.52266833
1.4660114
1.1075432
1.0223123
1.4020676
1.2658281
0.86918897
0.74962109
1.9385376
0.98589211
1.844407
1.4644817
1.5682418
-0.048582792
1.5299646
3.3462849
1.1531312
-0.15843336
1.3195496
2.7140684
1.6921774
1.5395192
0.80647532
1.4785817
1.3133577
1.6280869
1.1080212
0.3739394
3.2979651
2.2239708
1.472963
1.1925852
1.5467773
1.4888443
1.0077206
1.9857833
1.0309887
2.0394405
1.2948744
1.46621
0.16036036
1.4005478
0.76593831
-0.36713292
0.73091519
0.4622109
0.78737434
0.90338556
1.783875
0.95041282
1.6273735
1.8758058
0.67578464
2.296516
1.5191637
0.83584623
0.98353961
0.5339047
1.5899827
1.8004404
0.29984859
0.74523047
0.29373449
1.6724706
0.73395014
1.8590244
0.9405072
1.78664
2.1470382
1.034982
-0.0078916213
1.6932159
1.312689
1.817696
1.5628629
1.6326193
0.48860042
1.0948113
0.53068592
-0.54595138
1.2460503
1.7439599
1.755955
1.3615003
1.4127051
0.44392072
2.3979894
1.100736
1.2076858
1.7406232
0.65934481
1.4951706
1.9318449
2.3150656
0.97293195
0.87098744
2.2963547
0.93081476
1.4521598
0.87454977
1.5594323
1.0110571
0.5383308
1.5935524
0.8653764
-0.099602795
1.3552939
1.7478477
0.37729763
0.84243484
0.9186072
4.1061617
2.3050619
0.57943352
0.78733905
0.64789066
0.4923929
0.90271321
-0.20142897
2.0643577
0.98666687
0.74480189
-0.40612253
1.89306
