-3.6299591
-2.9270043
-2.0663985
-5.325896
-0.46156118
-1.1625833
-2.1922809
-5.1692251
-1.3517716
-3.2825816
0.019854362
-3.246316
-3.7684272
-1.4685572
-0.30328713
-6.4906535
-0.9904725
-0.50321624
-1.5258543
-1.8505388
-0.97787828
-3.065417
-0.32767782
-3.6784513
-2.7155126
-0.94547464
-4.2815909
-2.259125
-1.3587163
-1.3199176
-1.0832998
-1.8801487
-0.91229129
-3.0231886
-7.8071758
-2.6457712
-2.7918717
-1.0564109
-0.44321366
-2.550211
-0.24080946
-2.3702276
-1.293369
-2.0976533
-0.85845247
-0.69793442
-0.97406687
-1.9866818
-0.52356943
-3.0933372
-1.675673
-0.55948661
-0.093545084
-1.6498021
-5.395501
-2.0654263
-2.9240824
-1.6298106
-2.8310314
-0.51184476
-1.3609483
-2.6894716
-3.9689961
-1.1995424
-2.7993008
-9.0933412
-3.613263
-3.2564507
-3.0341429
0.060326176
-1.2172844
-0.79678235
-1.6530178
-4.1992186
-3.4495506
-3.9874839
-2.8446803
-0.10175432
-0.71683516
-2.6500244
-3.3014943
-6.0431695
-0.42804419
-0.0053448575
-1.1843734
-5.1561018
-9.2916651
-2.3538661
-1.1765601
-2.4857284
-0.83235124
-5.2420698
-3.6699723
-0.60832239
-0.43910648
-3.8550371
-0.81838674
-1.5359025
-2.2500208
-0.99779216
-0.42846096
-2.1355523
-2.6457446
-2.8762648
-1.2822811
-7.1777477
-1.7156937
-2.4482213
-4.3097879
-0.75304809
-2.8302187
-0.91792972
-2.4225799
-5.7884532
-3.5751968
-0.81582174
-1.6894591
-4.3541984
-2.398558
-2.4844637
-10.473798
-0.98065383
-4.8682549
-7.3359827
-0.64095735
-1.3498726
-0.33292814
-2.5463258
-0.53002176
-1.3126893
-2.563705
-1.9212749
-1.5875805
-1.4554954
-6.0566289
-4.5897819
-3.2549169
-1.6013407
-2.5176451
-3.0983844
-3.7451916
-2.5431386
-2.4058541
-1.3299226
-0.31499118
-1.7139341
-5.2679029
-1.6970512
-2.0670519
-0.50655016
-2.7412409
-1.3781622
-0.050454864
-0.84591069
-0.085357407
0.18751229
-0.76551601
0.043074124
-1.0135902
-0.54557543
-0.71038434
-6.9520938
-1.4848631
-3.7310125
-0.74888297
-4.073358
-0.65013866
-0.76719649
-0.24545096
-5.4720707
-1.4176327
-0.050819512
-1.7162078
-2.2275067
-0.72867724
-0.51737963
-2.6249623
-0.43831122
-3.6638606
-5.0734675
-3.9812406
-1.99911
-2.8062059
-1.1735292
-2.1267485
-0.81867469
-4.4718247
-0.49277539
-1.5849318
-4.7720211
-1.6745247
-0.17477112
-0.61107909
-3.8389012
-0.19051451
-0.9152129
-6.9172469
-3.6713329
-1.7159073
-6.2398924
-6.5271786
-1.217955
-4.3650396
-8.9112988
-1.1207609
-1.7390911
-2.3928215
-6.0655021
-1.4176518
-0.33489028
-3.9002386
-0.05328606
-2.5371769
-0.5366276
-1.1822792
-2.6367899
-4.5029187
-2.3104591
-0.91030524
0.52225511
-0.70824388
