2.0402724
2.619982
-3.2120801
-2.4993302
1.3611086
-1.395169
1.5602916
1.6463951
-4.5534198
1.8785569
1.8898009
0.4024404
-0.17566932
-0.2831104
1.7957465
-1.8131291
0.13427359
1.2495437
-3.8452125
-0.97288948
-2.9884452
-0.06572633
1.3450262
-3.3069001
0.1096913
1.3809504
-3.1119881
1.4213835
-1.2496797
1.4718124
0.27469175
-0.21647162
0.42811523
0.28514624
-6.2188715
1.5331121
2.0666042
-0.83689241
-0.52091324
-1.2061979
0.07492714
-1.7859558
0.34097737
1.1637637
1.81346
2.2257516
3.514388
-0.98409749
0.059464783
1.8309512
-2.6399324
0.04253811
-0.47916773
-3.3062499
-2.5546816
-1.2757038
1.5270295
-3.7235511
2.708311
-1.6721646
1.101156
0.1602703
-1.0733325
-1.3130686
1.8789679
0.75044922
0.99733298
2.8778924
-0.57415107
-1.0029341
0.29249337
1.8307837
-0.52803501
-2.7178764
-6.5955003
0.23747387
-2.452783
-2.4540497
-0.26499733
-0.40281833
-2.3087933
0.45997217
-0.09690372
0.57876387
2.0576264
1.4470986
0.78239597
1.0972566
-2.098012
1.0549316
2.0551624
0.14258982
-1.2171651
-1.3320952
1.4569016
-0.64125113
-0.00092618574
-1.0675322
0.59965148
0.50397764
0.48008059
-1.735388
-0.93424263
-1.7525965
1.5744073
1.6182463
1.2029997
1.2731884
-1.440969
1.7612582
-0.016507529
0.66445943
-0.81736806
-1.5758817
1.2285132
-4.2810478
2.8800723
2.3276193
-2.1359658
-1.9307191
0.97237424
1.4004363
0.28513112
-0.79194301
0.20381599
-2.8979837
0.26497347
0.97266999
-0.050616492
-1.1407798
1.2855724
0.81800818
0.26622449
0.82787234
-2.0880298
4.662012
1.0697187
2.4111398
-4.0658863
2.1733569
1.244264
0.65941005
-0.975357
0.50857473
-2.2513102
-8.7544635
0.042582919
1.2953522
0.74521272
0.35465287
2.6099276
2.1075957
0.49169048
1.8970623
0.90855637
0.74447473
1.0644942
-2.9709849
-3.3234866
-2.5886934
-0.28083417
0.69956796
-0.50981589
1.5049025
-0.11848019
-1.2326127
1.9412716
0.14339041
-3.54758
-2.1847535
1.2745904
-4.3762359
1.2191988
0.76492357
-2.4351414
0.35786695
0.10970487
-0.0082290501
-0.38842675
-1.4220173
2.6421437
0.63945733
-2.8047995
-5.3611235
1.071873
0.92150033
-0.21222743
0.53222248
-0.030612163
-0.44471545
-4.4111098
2.0344991
0.64944108
-8.4042784
0.8879054
-2.4264386
1.6365597
-0.9671119
1.403012
-3.0019294
-0.058637894
0.33172086
0.11682141
-4.4178508
1.3504799
-3.4218406
-0.99030183
0.87725995
1.103983
1.6539295
1.5347594
-0.28237111
-2.8181112
-0.53193247
1.0853646
1.1011687
1.124684
-0.85011746
-1.6020457
1.5623215
1.3082373
1.133253
-0.52722954
1.3089464
1.5448066
0.86856405
0.92788245
-0.64502171
0.9986648
0.50503272
-1.5807721
2.0775722
-2.2051255
1.6392979
0.74294514
-1.7852575
-1.3994491
-6.0424434
0.027744498
-1.2134354
-2.6361446
-3.1276027
-0.31898791
-2.1990521
1.4026845
2.3990494
-0.71126565
-1.6661118
1.7051311
-4.8338563
-3.8734004
-0.70529457
0.43091203
1.1645768
1.1502039
-1.613602
1.3223389
1.2111566
-3.3668353
0.9284106
-1.5889559
-1.9415307
1.5771457
-9.202529
-0.41699734
0.65800709
-4.8248738
2.0384526
-5.9524951
-0.95437935
-1.3269584
0.12573206
0.94549214
-0.24076663
3.1012875
2.9306318
1.5396232
-1.8531191
-0.52462827
1.1687916
-0.78841224
1.1803468
-2.4749264
1.2011188
1.313513
-1.4840418
-1.493847
1.8114884
-1.5335736
-4.7986147
0.83162055
-3.9745246
1.6381172
-2.5878071
0.92352754
-1.0694407
1.9597513
0.014689583
1.3407987
0.058937864
-2.5681989
-2.2570237
-3.1313049
0.50553066
0.88759354
-2.3282426
-1.6438435
-0.79038847
0.59985719
-0.56295064
-0.72747691
0.77366663
-4.4904541
1.405545
1.5039603
-1.5752256
-3.3482277
-0.49880676
-2.6005286
-0.8743723
0.04253811
-0.13475481
1.4882762
-0.29494068
-0.44242215
2.2013701
-0.38015018
0.38267527
-0.67247127
-0.0073733634
1.960361
-0.13059243
0.86251941
0.85355232
-0.2089635
0.81971412
0.16023272
-1.3862729
1.2081738
-5.3576235
1.7352295
0.37916109
-1.5733363
0.64834464
0.85832202
-2.8382304
1.334963
-0.29436152
-4.5300219
0.84410475
1.6606332
0.98860435
-0.48595438
-0.57616762
1.7340254
1.6888634
-0.1762227
1.6525066
0.11552294
0.74502108
-4.5737773
-1.0135148
-0.59709742
-1.5880788
-1.2543281
-0.35138478
-0.26221927
-1.9263645
-0.57446723
0.95473946
-3.5022842
1.4815379
-4.4613533
1.4142071
0.85504907
-3.1427878
-1.9163716
0.74267997
-2.2047002
0.70884902
-1.0108553
-1.7668955
0.92573381
1.0026236
-0.67540132
-2.9464674
1.3812656
-0.22026933
-1.4290665
0.7326736
-3.8665705
1.8090368
0.94415262
1.0230671
0.2182541
-1.1317914
1.418913
-0.20449241
0.25393502
1.1024606
0.41916167
-0.32822606
0.66045171
-3.0284364
1.1943141
2.342786
0.64976288
-0.67146824
0.91127793
0.82294074
-1.195508
1.9087328
-5.990307
-3.2126904
-1.3412349
1.062682
-5.4700292
-5.1711678
-1.2688439
1.193204
0.8820392
1.7552484
-3.6128921
-8.2576585
-0.53813373
0.81064949
-1.1203248
0.27281551
1.4767073
0.65199248
0.67132
-1.7474644
-4.5606578
-0.77507434
0.89802053
-0.04489481
1.6287994
0.42612283
1.1330211
0.94095567
4.0441726
1.9166265
0.77842503
0.6581967
0.57467432
-3.3556435
-0.52784349
-1.8530185
-0.23417139
-1.7575951
-1.9917095
0.15589179
0.79439222
-3.906862
-1.6086727
0.3656798
-0.81777413
-0.018939179
2.0660975
2.5471535
0.22069819
-0.794681
0.19105493
1.2623547
