-0.31998835
-2.5508575
1.6235034
-1.8522714
-2.1106596
0.23830155
0.31006681
0.51254609
-2.0429769
-2.7313398
-2.8481233
-3.4085573
-0.67670166
-1.358313
-0.67799133
1.0939014
-0.97110785
0.74637534
1.6988891
-1.1084619
-0.58408654
0.7002131
1.3130627
3.2623958
0.028666589
-1.4852477
-0.4528852
0.19522369
1.4835675
1.8937405
0.1487523
-0.079548747
0.52895993
1.0129654
-0.96770237
0.18966328
-1.7569469
-1.8130728
0.91058939
0.82659166
-0.69408513
1.1899397
0.50918945
0.51357861
-1.7103718
0.06266942
-1.8056236
-0.24862192
-0.63198495
1.5928692
1.3037743
2.8178177
-1.3434573
0.13946937
0.31594948
-1.2307892
0.85965807
-3.3715533
-0.20005797
-0.14662562
1.2798417
0.85338387
-0.26977804
-0.77887088
-0.18261886
-0.25026984
-0.8385803
-0.36669579
0.38247801
3.5484824
0.44267519
0.17672824
0.37687245
-1.2335722
7.0785205
-1.9987534
-2.3444861
0.26179168
2.7928417
3.0417487
-0.38960055
-3.3292625
0.89401886
0.33577541
-0.85299299
0.35948545
-1.542208
-0.32676801
0.84667968
-0.28074101
-0.88104864
-0.55838912
-1.175796
-2.3494161
-1.3169499
-1.7043593
2.0188776
1.8550718
-0.67240372
1.2614346
-0.35729247
-0.13445661
0.2159069
-1.8174985
0.2236432
0.83847303
0.19913804
2.5396317
-2.5246629
-2.2127056
0.055955056
0.73541378
-0.86695531
-1.2338213
-1.802301
-1.3688271
-0.31249039
-1.076914
3.324605
2.6667244
-1.4440061
-0.90767634
1.537696
-2.4811267
-0.25715911
-0.28861905
0.80856263
3.1046987
0.52295955
-0.5941455
0.37928817
0.28938728
-1.7791433
-0.29664948
1.5036429
-3.3639543
0.40251769
-2.0419189
0.31575385
0.064922272
0.73028842
-1.1814121
-0.62555017
-1.1799544
1.4282047
-5.2512209
-0.37800459
-0.72302817
1.145948
0.50307447
2.2603342
1.3718326
-2.1834417
-1.8998529
-0.82400172
-1.4586877
-0.6554193
0.93011792
1.3386554
-0.071805686
-1.0923381
0.31852976
4.4536649
-0.90798059
0.18277064
-0.41342049
2.2190859
1.056475
-2.1324185
0.56360863
0.16615649
0.064714625
-0.095379078
1.3138325
-1.6190719
0.39707922
2.2645571
-0.22818377
1.2254623
3.0981291
-2.2599022
-0.73331734
0.20110731
0.16371356
-2.2846234
-0.97212325
-2.5851514
-0.55415798
0.53284185
-0.74935628
-0.0080935644
-0.67988384
-0.87873805
3.0453542
1.1348366
-0.10473086
-1.6803014
1.7765577
-1.4843049
-1.2827199
-0.26068766
-2.8063053
-2.4449529
-2.4773214
-1.8477997
-0.088294563
2.7325455
1.0245073
-0.97886582
0.23565077
-0.0048054532
-0.075369417
3.8369526
1.6112016
1.1050995
0.12407464
1.4914974
-2.3624489
-0.95836631
0.2029287
0.11544761
0.45814612
1.2788701
-0.86353496
-2.6796351
4.8898752
1.2986443
0.60872976
-1.0943682
0.39862627
-0.68068151
1.5837449
1.1087938
-2.1847098
-2.0643685
5.1399039
2.2948263
2.8826714
0.50318974
0.68821501
-1.302461
2.1633386
2.1846244
1.8071021
-0.11414019
-5.1786347
0.13364227
2.7944843
-3.2358081
-0.76434723
-3.2140051
-0.32425355
0.54973149
-1.2078144
-2.2608568
-0.37569314
-1.3538099
1.4658546
-1.5874543
-0.16835986
0.16159162
-0.21144277
-0.38630391
7.3114054
1.5688505
1.0472524
-0.7255519
-1.2480048
3.9465041
0.29231486
0.25130304
0.093849966
-0.066507327
1.4099695
-2.547443
-0.99660381
0.46489819
-0.15799343
0.5930714
0.047838835
0.97181865
-0.37203146
-0.80945211
-0.34585341
2.4877945
0.76963887
-0.45150706
-1.2197189
-1.1681417
0.75198285
-1.0331345
-1.6608272
0.045037878
-0.436443
0.34254511
-0.076628293
2.5987569
-0.67063956
0.49262269
1.7901903
-0.55640217
-0.93758626
1.9519502
-4.2051639
0.21003651
0.4391247
0.29639547
2.2089086
0.65556846
0.71263806
-0.81212474
-2.1725408
1.0572718
-2.1170249
-2.6935488
0.98222364
2.9577288
-0.12457432
-0.30221111
-0.4358481
2.8178177
-0.73407361
-1.3841202
-1.5201327
-0.47527186
-0.82949209
1.1350842
1.0945667
1.3308438
0.53295133
0.63138842
1.8367005
1.5123603
-0.23767604
-2.2916777
0.40720308
0.46461825
-0.47920222
-0.69041139
6.2171651
0.028685767
-0.91728694
-0.30369634
0.070397915
0.16013724
0.52330676
-2.1752478
2.0988003
-2.1240029
-0.26564959
-0.78794779
1.1007019
-0.28793238
0.27524448
0.26283616
-2.7910571
0.53298627
-3.2498982
0.50519485
0.060258842
3.4641907
1.2907266
-0.6435992
-0.94744629
0.51432175
-0.49781048
-0.22870451
0.28514551
-0.89884323
0.42586111
1.31685
-0.73207428
0.23069255
0.58597029
-1.8088658
2.5323706
0.76053299
1.217996
-1.0116232
-1.0763968
0.42622483
1.0571839
1.2473223
-0.70482355
0.15021342
2.1931921
0.42777442
-0.60378108
-0.19905591
-0.52486188
1.0809965
-0.54701554
-1.1290534
0.12826578
0.12934445
0.13432706
-1.1085863
-0.30352764
-0.69664017
1.3497612
-2.0189035
0.94565232
1.972693
0.90673605
-0.45730831
-0.03124137
-0.20133345
0.76760849
-0.40318301
-0.26796064
1.4106348
0.41419904
2.7475058
0.59941737
1.7176951
-3.1790335
-1.770061
0.72346725
1.7791173
0.93174399
-0.39780691
-0.78111907
0.81039127
1.1860022
-3.9030669
0.18516119
-1.6210971
-0.62478394
-1.7724005
-0.12194654
0.068246633
-1.5673281
0.38284097
2.2566391
-1.0601586
1.5830015
-2.2992994
0.72350744
-0.032163466
-0.020156672
-1.6005423
-0.91625082
0.41389293
0.49086385
-0.50712882
3.248987
-0.62212454
-0.12547741
-0.18283604
-3.1114227
-0.7250596
-0.40086255
-0.40366162
-3.3951045
1.122643
-0.64737976
0.13464238
-2.1593841
1.012934
-0.93983902
1.0353272
1.096894
0.58391438
-1.8858302
