-0.41165493
-0.14757682
-0.17161369
-0.64170101
-0.14929389
0.20203659
-0.37778549
-0.58238633
0.34672457
-0.016547789
-0.33706586
0.47844076
0.019123788
-0.36171389
0.078305506
-0.37308884
0.057626378
-0.14948704
0.26916907
-0.10592478
-0.26525564
0.083915809
0.0634471
-0.15953153
0.57511693
-0.045739268
0.090805867
0.38923079
0.10581453
0.19370516
-0.26299233
-0.65935123
-0.23872936
-0.28090265
0.13977498
0.34570458
-0.68585086
-0.45835102
-0.81370729
-0.037064752
-0.50123379
0.023109419
-0.35907963
-0.13669885
-0.19756274
0.095610815
-0.33691585
0.34422815
-0.12068954
-0.11388827
-0.36709918
-0.068401118
0.36832751
-0.16040081
0.060708899
-0.082524042
-0.085877822
0.051721363
-0.17680934
0.040978084
-0.13796161
-0.30186399
-0.032580628
-0.050176029
-0.74171797
0.10233903
-0.5388555
-0.086620959
-0.19896267
0.42299382
0.090915469
-0.013867114
0.46527224
0.29059198
-0.26296563
-0.032240042
0.152524
-0.14076696
-0.068155028
-0.36466448
-0.34683097
-0.16569323
0.3072675
0.4291523
0.010639751
0.37965574
-0.27548058
0.13194468
-0.13691857
0.26361985
0.015565452
0.028362934
0.27611768
-0.37390115
-0.016006294
-0.019731308
0.22857939
0.055719516
-0.014880697
-0.44601879
0.22622076
-0.27341258
0.18249869
-0.14082335
-0.49796907
0.038483334
-0.076912126
-0.36152755
-0.21975147
-0.25434117
0.15144452
-0.11045698
0.061082137
0.032272247
0.029565711
0.11238814
0.6863607
-0.37776137
-0.17410937
-0.20476786
-0.060146072
-0.60866195
0.011184477
0.086439475
0.12545712
0.088743136
0.04766149
-0.14182236
0.20698
-0.95551329
-0.25592651
-0.56992502
0.070597036
0.37578351
0.072009346
-0.0035227692
-0.0024793453
0.024576072
0.48600022
0.072739641
-0.33378318
-0.21936789
-0.29515816
-0.19178757
-0.097629924
0.34120565
0.16979693
-0.33696984
-0.24901542
0.089499084
0.18081355
0.80458258
-0.44256243
0.47144696
-0.12701529
0.33127021
0.5828502
-0.34042259
-0.22636955
0.17779951
0.40389674
0.061306375
-0.11870254
-0.09957386
-0.11556642
0.26365041
0.15182912
-0.12829143
0.24303042
-0.13360277
-0.77317433
-0.42397675
-0.34891181
-0.32636259
0.67119536
0.20245024
-0.09135186
-0.50744596
-0.75340265
-0.29647375
0.46525035
0.34893596
-0.24302207
-0.17616967
0.18402826
-0.85813338
-0.085505538
0.60322141
-0.48392252
-0.52828932
-0.20924512
-0.19077892
1.0325214
0.43468774
-0.62060291
0.4192226
0.083023285
-0.53391491
-0.41196202
0.17152998
0.13692704
-0.081711688
-0.75655797
-0.28170983
-0.2088456
0.078494532
0.012112994
-0.38002623
-0.18897067
-0.052742119
-0.045401224
0.047299478
-0.17521043
0.31965309
0.071922359
-0.38724327
-0.45329102
-0.30408442
0.27245933
-0.08098611
0.1732858
-0.50943281
0.24382446
-0.32564822
-0.29281368
0.30739088
0.11591158
0.63392178
-0.17825893
-0.66784303
0.33660927
-0.26928736
0.084867813
0.049002484
-0.22924338
0.051031928
-0.10117635
0.010280405
0.12602656
0.39817004
0.27748732
-0.13910857
-0.11140738
-0.62242549
0.23945291
-0.36090317
0.31037939
-0.25839258
0.68458584
0.12271055
-0.13709452
-0.60176716
0.13813635
-0.18663105
0.089166993
0.0035665224
-0.2293288
0.14974118
0.10474334
0.010273458
-0.20438014
0.028534254
-0.23449035
-0.32264278
0.60603893
-0.27062687
0.32974427
0.31444824
0.3383461
-0.12397455
-0.0068717043
-0.22534881
-0.32597272
-0.075773513
0.74365182
-0.2391748
0.62962529
0.094127463
0.239432
-0.31357862
-0.44854081
-0.11637687
-0.051859671
-0.78042214
-0.335037
-0.27564685
0.074023114
0.48487545
-0.59537618
0.16893433
0.38131777
0.62401732
-0.20440278
0.30599694
0.039761898
0.24225902
0.018850666
0.42697366
0.045735392
-0.17424881
-0.12240742
0.44526534
-0.33691585
0.47956182
-0.14184672
-0.10971057
-0.035849479
-0.11895467
-0.12598372
0.20793716
-0.15639274
0.20005577
-0.76297268
0.29229189
-0.048046391
0.16352234
-0.65118922
-0.00092454796
-0.41126221
-0.093327198
-0.12369482
0.22595861
0.076450504
-0.6437317
-0.038005425
0.026816213
0.07882546
-0.84282368
-0.23244255
-0.12073047
-0.1488126
-0.13409645
0.17712082
-0.85767041
-0.12481518
-0.77299142
0.045089196
-0.46762844
-0.61357417
0.070451911
0.2315499
0.90465786
-0.27726931
0.24080523
-0.2854562
-0.15956361
-0.29380037
-0.51726358
0.099895663
-0.37989811
0.39428056
-0.19372732
-0.4873319
0.11746348
-0.36140039
-0.1300586
-0.32517192
-0.43893194
-0.61746947
-0.098525222
-0.09781698
-0.41258424
-0.13650683
0.51030436
-0.17051222
0.26343105
0.082482467
0.94828987
-0.064017072
0.046669061
-0.63971408
0.05907803
-0.27209154
0.71358856
-0.36903863
-0.2393025
-0.01809582
-0.51995196
-0.18980347
-0.22003025
-0.55592218
-0.10445602
-0.26027987
0.27991266
-0.54100619
-0.014601895
0.44191808
-0.33010151
0.10900712
-0.049576639
-0.32922054
-0.08788784
0.18311144
0.47385605
0.42748875
-0.083762397
-0.45697381
-0.22366694
0.85444955
-0.54126133
-0.0045899158
0.055564436
0.039724377
0.10824388
-0.58553537
0.3779067
-0.16256091
0.24620719
0.073677398
-0.45754227
-0.40985071
-0.34333046
-0.059881194
-0.064942164
-0.12233492
-0.2869606
0.2106338
-0.26025012
-0.11407713
0.56638655
0.33409948
-0.66807896
0.060590009
0.30028094
-0.47181874
0.28956583
-0.089703974
-0.28204229
-0.32229502
-0.15360067
-0.0080773351
-0.22921656
-0.094473421
-0.063630103
-0.15665707
-0.036225018
-0.40344421
0.16760008
