-0.73340871
0.27459084
-1.4052075
-0.33928131
-1.6204356
-0.83896627
-0.33206811
-0.19475858
-1.181701
-1.2348248
-1.5338896
-1.1406526
-0.11035578
-0.91943512
0.072180801
-0.37705809
-0.90287914
-1.098649
-1.1849464
-0.20009169
-1.3630145
0.35901096
0.050561125
-2.3402465
-0.48204046
0.61787823
-1.0721339
-0.54472045
0.73659469
-0.76004936
-0.49222487
-0.39243839
-0.44025223
-0.32418642
-2.9837398
-1.8521279
-1.687943
-1.622276
-0.87100657
-0.44465459
-1.9231517
-1.4650004
-2.4075476
-0.61399482
-1.0099665
-0.8174085
-1.682011
-0.34934332
-0.7988855
-0.86365787
-0.62872097
-0.33055597
-0.8188177
-0.70354495
-1.2000553
-1.2969348
-0.6631806
-0.024773432
-1.2044137
-1.0389358
-0.46723641
-1.3231846
-0.28877047
-1.5153201
-0.6838817
-0.891138
-1.2846098
-1.3723345
-0.889894
-2.2522598
-0.47737345
-1.241734
-0.47032479
-1.0884018
-2.3682775
0.12442929
-1.5514738
0.62566228
0.1558739
-1.4804904
-0.15767437
-1.2857631
0.33487975
-0.29441829
-1.972327
-0.94791142
-0.98486272
-0.98620026
-0.68329681
-0.53040026
-1.1296154
-0.61694847
-0.43839468
-1.9292221
-1.1949126
-0.97525083
-0.059680617
0.50732382
-1.2451234
-0.72193745
-0.13848927
0.47209908
-0.65123645
-1.5063822
-0.71622753
0.0044332641
0.16669528
-1.6019884
-0.62262221
-1.2352451
-0.27083208
-1.1514871
-0.89917914
-0.6868067
-0.41182699
-1.2245105
-1.1068895
0.20154171
-0.86324016
-0.25465156
0.169837
0.50664201
-0.072934165
-1.7335317
-0.70134645
-1.1031026
-1.2515619
-2.352418
-1.1307134
-0.61417465
-0.12873233
-0.6640954
-0.0034936132
-0.25528086
-0.6068528
-2.1253351
-1.4257746
-1.012159
-1.2718668
-0.21393837
-0.97298148
-0.18107797
-1.1072908
-0.26669782
0.1044198
-1.4896288
-0.55363351
-0.68528089
-0.2177539
-2.5021824
-1.0663842
-3.0426483
-0.41316597
-0.35830318
-1.4051844
-0.77275884
0.018453748
-1.0030957
-0.76817031
-0.73934439
0.28221439
-0.66756058
0.027193578
-0.01169786
-1.3143691
-0.35840235
-0.19751733
0.60352411
-0.60999359
-2.094844
-0.045227808
-2.1663537
0.29052475
-0.40818333
0.29015368
-0.16796295
-0.52331158
-0.2304482
-1.5980931
-1.3332378
-1.4744738
-0.87340242
-1.3890009
-0.93755307
-0.34895249
0.0020935686
-1.4271107
-1.5365153
-1.23864
-0.45475855
-0.10383292
-0.49150274
-0.789785
-2.4841899
-0.54006885
-2.5929189
0.18260531
-0.69012746
-1.4815149
-2.0407724
-1.565609
-1.4462349
-1.9211162
-1.0095708
-1.4521897
-1.6265352
-2.2885017
0.067380755
-0.28761381
-1.2535709
-1.3535536
0.076487007
-0.37463494
-1.2774315
-1.8992793
-0.71859753
-0.37409441
-0.0021508637
-0.56440413
-1.9345145
-0.12017069
-0.31261414
-0.99539991
-0.11246499
-1.1211132
-1.1627995
0.18389827
-0.37370804
-1.4955998
-1.4322414
0.45304423
-0.2543739
0.66078831
-0.88926934
-0.74473532
-1.9227591
-0.75475676
-1.9710088
-0.42974751
-0.50977473
0.11314151
-1.9207233
-2.3425485
-0.65852944
-0.74196795
-1.3028328
-0.57444409
-1.0492308
-1.9420869
-0.76837953
-3.2654136
-0.6104384
-1.186582
0.39164053
0.4606854
0.31500918
-1.4944264
-1.5867127
-1.9850089
0.61393817
-1.2721765
0.014580028
-0.50560803
-1.0122288
-0.13876178
0.37737728
-3.6551644
-1.3633377
-2.0174637
-0.9902872
-1.1082742
-0.70304466
0.098784706
-0.46036162
-1.3608834
0.24547963
-0.047942517
-1.1297287
-0.14062404
-0.24283847
-2.0748899
0.75510536
-1.1073723
-0.31543372
-1.5690829
-2.0679626
-2.4030508
0.21962468
-1.5996931
-1.299315
-0.66697183
0.44425674
-0.25803893
-1.1256191
-0.17613064
-0.76478923
-1.0543214
-0.77087834
0.18841606
-1.6795859
-1.2533582
-2.1478599
-0.68879171
-0.54592781
0.80170233
-1.7713467
0.39760294
-0.55067915
0.063794181
-1.1981783
-1.0195305
-0.28444615
0.013017965
-1.402814
0.45914414
-0.41944811
1.1795866
-2.0147398
-1.5475468
0.0069533093
-0.33055597
-0.039011585
-0.75157414
-0.71327637
-2.0335691
-0.63766192
0.40325586
-1.2232182
-2.0750398
0.56448281
-1.540665
-0.56585322
-1.016385
0.32827875
-2.0957769
-0.60852298
-0.55784315
-1.1058784
-1.5749123
0.071334532
-0.14631929
-0.54621942
-0.90104446
-0.29947431
-0.25282847
-5.0745229
-0.73809381
-0.92470311
-3.8499442
-1.5245513
-0.31859569
-1.4300848
-2.3035047
-0.73484276
-1.9550928
0.15199658
-1.4472669
-1.6333875
0.10966533
-0.66361557
0.12105715
-1.5190871
0.20537206
-1.025291
-0.69604189
-0.79272159
-1.3096106
-2.5840774
-0.16156039
-0.23375272
-0.021701733
-0.18559554
-0.76971151
0.051646449
0.055280548
-2.4219222
-0.71914047
-1.1832548
-3.0211781
-1.9499841
-1.388509
-0.32105506
-1.0390379
-0.30763779
-0.18831224
-1.2605202
-0.39286834
0.27833506
-0.49689143
0.69861642
-0.44466498
-0.27450792
-1.2850829
-0.19213881
-0.59003576
-0.30687516
-2.4625622
-1.223997
-0.5635677
-0.9372253
0.36744811
-0.51275161
-0.77709419
-2.4203129
-0.20555874
-1.2830215
0.030122848
0.10726019
-0.93892919
-0.40750558
-0.25600272
-0.76709843
-3.3614598
-0.092843141
-1.6434667
-0.19795627
-1.7483825
-1.7533218
0.59161574
-0.55509209
-1.2527292
-0.032774824
1.0433311
-2.1872094
-3.3056628
-0.44985068
-0.68518673
-0.96659277
0.031827566
-2.0530481
0.038883904
-0.80311635
-1.8731438
-0.28879706
-0.44856545
-2.4863083
-1.9136428
-1.5906667
-0.78759052
-0.6469026
-2.2477688
-0.53147536
-0.07762358
-0.15668087
-0.45762248
-0.11995909
-0.43017279
-0.92549753
0.32616206
-0.68255313
-1.0430945
-0.52640618
-0.49026867
-0.70657753
-1.3930236
-1.3988651
-0.10984192
-1.19621
-0.01185586
-0.60096846
-1.6005966
-1.4260123
-0.54290432
-0.24450549
