0.34722432
0.16693613
0.41801891
-0.084996351
0.21043584
-0.19279285
0.43399621
0.58886998
-0.10185783
0.31413437
0.53981618
0.28878395
0.63779613
0.23358329
0.80806158
0.41495907
0.535679
0.28763599
0.62853258
0.25614831
0.40632735
0.60990452
0.36307254
-0.15808833
0.029281434
0.56507047
0.19331286
0.50991374
0.47863082
0.39117882
0.47407747
0.079501745
0.50201098
0.58474016
0.31355939
0.40068556
0.47029828
0.4164925
0.4843894
0.10858949
0.1291365
0.32985334
0.12539579
0.59289467
0.71130921
0.29869836
0.31720685
-0.085006488
0.35528991
0.42521739
0.26666808
0.26245979
0.59366325
0.20214211
0.35294078
0.47866231
0.5326178
0.25944588
0.20394491
0.53271202
0.81006423
0.49190754
0.4955411
0.53889184
0.37248401
0.48343233
0.60507117
0.10717142
0.14756508
0.31624033
0.64250782
0.4181906
0.36782877
0.34207076
0.22129368
0.25655348
0.049403031
0.31834151
0.43531937
0.23614999
0.566749
0.54686779
0.38791155
0.36685145
0.70037756
0.25015153
0.30186681
0.1658482
0.44654153
0.36685204
0.49695234
0.54816157
0.40113918
0.57509275
0.36191995
0.19663674
0.27613389
0.59754307
0.54345729
0.47076943
0.41444712
0.63471512
0.56279652
0.2336755
0.51240803
0.54800436
0.43441007
0.70768291
0.35082248
0.34366104
0.50344398
0.54559327
0.2039246
0.46954603
0.53004226
0.69226887
0.30264151
0.41995054
-0.00345576
0.37202124
0.37201065
0.29406086
0.54943322
0.43060185
0.44135564
0.34774294
0.38184174
0.35418966
0.28956985
0.52275102
0.30975727
0.56625645
0.20133749
0.51380575
0.15776537
0.35035545
0.1959427
0.48863139
0.44289889
0.46434306
0.32929765
0.43519558
0.26510905
0.3355162
0.32852578
-0.27345672
0.49816983
0.36382596
0.63995243
0.46709195
0.34426733
0.14983432
0.11370977
0.61626103
0.31184565
0.3305553
0.5439268
0.36122981
0.069082935
0.42986451
0.48472974
0.44631912
0.37819512
0.46106559
0.37886217
0.44193621
0.21822609
0.030112196
0.18349496
-0.36978777
0.5265757
0.65032804
0.35956197
0.68980616
0.52200101
0.49266877
0.26336648
0.46423263
0.52495736
-0.33198414
0.50222451
0.42497702
0.16868053
0.20901019
0.34940734
0.35656972
0.54064023
0.46318042
0.29203664
0.26561589
0.35626312
0.55884113
0.4654714
-0.060465746
0.2353991
0.22405987
0.50388038
0.11415849
0.65342482
0.32312511
-0.14229891
0.32407276
0.033564778
-0.31655473
0.39233237
0.11477757
0.22194243
0.36792673
0.43802257
0.35356014
0.48155568
0.22429434
0.44544327
0.42840237
0.71126452
0.5552124
0.3221329
0.57749582
0.41673765
0.30008745
0.40413658
0.43821118
0.45487525
0.56775133
0.21580572
0.32076212
0.43698272
0.26934142
0.26530745
0.60161392
0.39249166
0.68026158
0.15638
0.57619965
0.51567528
-0.73736737
0.50554866
0.36405709
0.1716754
0.50840162
0.51494057
0.25434894
0.30845144
0.20269947
0.43883802
-0.2477422
0.34736491
0.63406898
0.16684583
0.29391912
-0.46274326
0.60211192
0.30382126
0.15710848
0.17719402
0.69259198
0.29272285
0.53373416
0.28301325
0.4928108
0.36255521
0.49952178
0.51451062
-0.18861902
0.35296106
0.24967686
-0.383944
0.21184772
0.30681536
0.35154048
0.43207051
0.49692988
0.63706137
0.8687346
0.26835415
0.19633543
0.48331093
0.6316236
0.38178071
0.59904257
0.34258859
0.35844868
0.66699005
0.14475511
0.022750164
0.065578799
0.21172804
0.39228381
0.46904971
0.47864311
0.4319509
0.4437006
0.44522733
0.11655402
0.41609323
0.48671619
0.11941663
0.34863587
0.62719155
0.44829645
0.61847839
0.091897986
0.45554377
0.63912595
0.59781539
0.61303186
0.33928245
0.39146472
0.35423066
0.50153484
0.26740911
0.40159717
0.69774983
0.35818894
0.50991525
0.38411742
-0.031051538
0.19108306
0.21957163
0.63682375
0.26245979
0.58976819
0.46065232
0.34767787
0.37194675
0.40244759
0.51441497
0.53357475
0.36198971
0.56955347
0.4716507
0.45881649
0.46851894
0.66412986
0.22641003
0.386844
0.028577484
0.23887493
0.2758817
0.19266773
0.41479098
0.44744616
0.80627025
0.2662858
0.46101079
0.21074914
0.30602302
0.63715755
-0.42679074
0.32172609
0.54533355
0.27885892
0.28873419
0.50915273
0.37535598
0.46144101
0.26727956
0.46642047
0.47530483
0.41519946
0.1403488
0.34935336
0.50003387
0.53554625
0.36045833
-0.018361182
0.54527892
0.22119186
0.55294326
0.37892513
0.20064789
0.38396306
0.41127976
0.56868077
-0.37118528
0.049034478
-0.11587386
0.50264895
0.35649102
0.51359874
0.43042703
0.26234245
0.45390972
0.54047008
0.6309119
0.031795173
0.37175941
0.26155218
0.4676646
0.34064246
0.40542328
0.57881242
0.35976587
0.48902794
0.37571427
0.45147276
-0.15098614
0.41415364
0.45926254
0.33200139
0.51560351
0.40374708
0.35399884
0.3751209
0.49551752
0.28099264
-0.063202039
0.69431349
0.46911668
0.60433871
0.53152733
0.337226
0.036665136
0.38978896
0.29803117
0.65020794
0.11537575
0.096417192
0.073261378
0.37715908
0.5412808
0.46186237
0.48756218
-0.018817198
0.30959915
0.34639719
0.23439223
0.49962415
0.49375783
0.22016983
0.54192487
0.39325164
-0.041518085
0.45114388
0.48297622
0.044505008
0.20730224
0.43323909
0.54573909
0.4657716
0.42643248
0.5397068
0.50861581
0.56358825
0.47749807
0.52294082
0.10678108
0.65389361
0.54283485
0.2429122
0.31633515
0.35361341
0.47061857
0.43351959
0.30315642
0.23916368
0.46517191
0.31933511
0.57631035
0.47071131
0.43060265
0.46498245
0.56407613
0.54436005
